
#1
0,0,0,0,1,1,1,1,1
0,0,0,0,1,2,2,2,1
0,0,0,0,1,4,2,2,1
0,0,1,1,1,2,2,4,1,1
0,0,1,2,2,4,2,4,2,1
1,1,1,2,1,2,1,1,2,1,2,2,2,1,1,1,1,1,1
1,2,2,2,1,2,1,1,2,1,1,1,1,1,2,2,3,3,1
1,2,4,2,2,4,2,2,2,2,2,2,2,2,2,2,3,3,1
1,1,1,1,1,2,1,1,1,2,1,6,1,1,2,2,3,3,1
0,0,0,0,1,2,2,2,2,2,1,1,1,1,1,1,1,1,1
0,0,0,0,1,1,1,1,1,1,1

#2
1,1,1,1,1,1,1,1,1,1,1,1
1,3,3,2,2,1,2,2,2,2,2,1,1,1
1,3,3,2,2,1,2,4,2,2,4,2,2,1
1,3,3,2,2,1,4,1,1,1,1,2,2,1
1,3,3,2,2,2,2,6,2,1,1,2,2,1
1,3,3,2,2,1,2,1,2,2,4,2,1,1
1,1,1,1,1,1,2,1,1,4,2,4,2,1
0,0,1,2,4,2,2,4,2,4,2,4,2,1
0,0,1,2,2,2,2,1,2,2,2,2,2,1
0,0,1,1,1,1,1,1,1,1,1,1,1,1

#3
0,0,0,0,0,0,0,0,1,1,1,1,1,1,1,1
0,0,0,0,0,0,0,0,1,2,2,2,2,2,6,1
0,0,0,0,0,0,0,0,1,2,4,1,4,2,1,1
0,0,0,0,0,0,0,0,1,2,4,2,2,4,1
0,0,0,0,0,0,0,0,1,1,4,2,4,2,1
1,1,1,1,1,1,1,1,1,2,4,2,1,2,1,1,1
1,3,3,3,3,2,2,1,1,2,4,2,2,4,2,2,1
1,1,3,3,3,2,2,2,2,4,2,2,4,2,2,2,1
1,3,3,3,3,2,2,1,1,1,1,1,1,1,1,1,1
1,1,1,1,1,1,1,1

#4
0,0,0,0,0,0,0,0,0,0,0,1,1,1,1,1,1,1,1
0,0,0,0,0,0,0,0,0,0,0,1,2,2,3,3,3,3,1
1,1,1,1,1,1,1,1,1,1,1,1,2,2,3,3,3,3,1
1,2,2,2,2,1,2,2,4,2,4,2,2,2,3,3,3,3,1
1,2,4,4,4,1,4,2,2,4,2,1,2,2,3,3,3,3,1
1,2,2,4,2,2,2,2,2,4,2,1,2,2,3,3,3,3,1
1,2,4,4,2,1,4,2,4,2,4,1,1,1,1,1,1,1,1
1,2,2,4,2,1,2,2,2,2,2,1
1,1,2,1,1,1,1,1,1,1,1,1
1,2,2,2,2,1,2,2,2,2,1,1
1,2,2,2,2,2,4,2,2,2,1,1
1,2,2,4,4,1,4,4,2,2,6,1
1,2,2,2,2,1,2,2,2,2,1,1
1,1,1,1,1,1,1,1,1,1,1

#5
0,0,0,0,0,0,0,0,1,1,1,1,1
0,0,0,0,0,0,0,0,1,2,2,2,1,1,1,1,1
0,0,0,0,0,0,0,0,1,2,1,4,1,1,2,2,1
0,0,0,0,0,0,0,0,1,2,2,2,2,2,4,2,1
1,1,1,1,1,1,1,1,1,2,1,1,1,2,2,2,1
1,3,3,3,3,2,2,1,1,2,4,2,2,4,1,1,1
1,3,3,3,3,2,2,2,2,4,2,4,4,2,1,1
1,3,3,3,3,2,2,1,1,4,2,2,4,2,6,1
1,1,1,1,1,1,1,1,1,2,2,4,2,2,1,1
0,0,0,0,0,0,0,0,1,2,4,2,4,2,2,1
0,0,0,0,0,0,0,0,1,1,1,2,1,1,2,1
0,0,0,0,0,0,0,0,0,0,1,2,2,2,2,1
0,0,0,0,0,0,0,0,0,0,1,1,1,1,1,1

#6
1,1,1,1,1,1,2,2,1,1,1
1,3,3,2,2,1,2,1,1,6,1,1
1,3,3,2,2,1,1,1,2,2,2,1
1,3,3,2,2,2,2,2,4,4,2,1
1,3,3,2,2,1,2,1,2,4,2,1
1,3,3,1,1,1,2,1,2,4,2,1
1,1,1,1,2,4,2,1,4,2,2,1
0,0,0,1,2,2,4,1,2,4,2,1
0,0,0,1,2,4,2,2,4,2,2,1
0,0,0,1,2,2,1,1,2,2,2,1
0,0,0,1,1,1,1,1,1,1,1,1

#7
0,0,0,0,0,0,0,1,1,1,1,1
0,1,1,1,1,1,1,1,2,2,2,1,1
1,1,2,1,2,6,1,1,2,4,4,2,1
1,2,2,2,2,4,2,2,2,2,2,2,1
1,2,2,4,2,2,1,1,1,2,2,2,1
1,1,1,2,1,1,1,1,1,4,1,1,1
1,2,4,2,2,1,1,1,2,3,3,1
1,2,4,2,4,2,4,2,3,3,3,1
1,2,2,2,2,1,1,1,3,3,3,1
1,2,4,4,2,1,0,1,3,3,3,1
1,2,2,1,1,1,0,1,1,1,1,1
1,1,1,1

#8
0,0,1,1,1,1
0,0,1,2,2,1,1,1,1,1,1,1,1,1,1,1
0,0,1,2,2,2,2,4,2,2,2,4,2,4,2,1
0,0,1,2,4,1,2,4,2,1,2,2,4,2,2,1
0,0,1,2,2,4,2,4,2,2,1,2,2,2,2,1
1,1,1,2,4,1,2,1,2,2,1,1,1,1,2,1
1,6,1,4,2,4,2,4,2,2,1,1,2,2,2,1
1,2,2,2,2,4,2,1,4,1,2,2,2,1,2,1
1,2,2,2,4,2,2,2,2,4,2,4,2,4,2,1
1,1,1,1,1,2,2,1,1,1,1,1,1,1,1,1
0,0,1,2,2,2,2,2,2,1
0,0,1,2,2,2,2,2,2,1
0,0,1,3,3,3,3,3,3,1
0,0,1,3,3,3,3,3,3,1
0,0,1,3,3,3,3,3,3,1
0,0,1,1,1,1,1,1,1,1

#9
0,0,0,0,0,0,0,0,0,0,1,1,1,1,1,1,1
0,0,0,0,0,0,0,0,0,0,1,2,2,3,3,3,1
0,0,0,0,0,0,1,1,1,1,1,2,2,3,3,3,1
0,0,0,0,0,0,1,2,2,2,2,2,2,3,2,3,1
0,0,0,0,0,0,1,2,2,1,1,2,2,3,3,3,1
0,0,0,0,0,0,1,1,2,1,1,2,2,3,3,3,1
0,0,0,0,0,1,1,1,2,1,1,1,1,1,1,1,1
0,0,0,0,0,1,2,4,4,4,2,1,1
0,1,1,1,1,1,2,2,4,2,4,2,1,1,1,1,1
1,1,2,2,2,1,4,2,4,2,2,2,1,2,2,2,1
1,6,2,4,2,2,4,2,2,2,2,4,2,2,4,2,1
1,1,1,1,1,1,2,4,4,2,4,2,1,1,1,1,1
0,0,0,0,0,1,2,2,2,2,2,2,1
0,0,0,0,0,1,1,1,1,1,1,1,1

#10
0,1,1,1,2,2,1,1,1,1,1,1,1,1,1,1,1,1,1
1,1,6,1,1,1,1,2,2,2,2,2,2,2,1,2,2,2,1
1,2,4,4,2,2,2,4,4,2,2,4,2,4,2,3,3,3,1
1,2,2,4,4,4,1,2,2,2,2,4,2,2,1,3,3,3,1
1,2,4,2,2,2,1,2,4,4,2,4,4,2,1,3,3,3,1
1,1,1,2,2,2,1,2,2,4,2,2,2,2,1,3,3,3,1
1,2,2,2,2,2,1,2,4,2,4,2,4,2,1,3,3,3,1
1,2,2,2,2,1,1,1,1,1,1,2,1,1,1,3,3,3,1
1,1,2,1,2,2,1,2,2,4,2,4,2,2,1,3,3,3,1
1,2,2,1,1,2,1,2,4,4,2,4,2,4,1,1,3,3,1
1,2,3,3,1,2,1,2,2,4,2,2,2,2,2,2,1,3,1
1,2,3,3,1,2,1,2,4,4,4,2,4,4,4,2,1,3,1
1,1,1,1,1,2,1,2,2,2,2,2,2,2,1,2,1,3,1
0,0,0,0,1,2,1,1,1,1,1,1,1,1,1,2,1,3,1
0,0,0,0,1,2,2,2,2,2,2,2,2,2,2,2,1,3,1
0,0,0,0,1,1,1,1,1,1,1,1,1,1,1,1,1,1,1

#11
0,0,0,0,0,0,0,0,0,0,1,1,1,1
0,0,0,0,0,1,1,1,1,0,1,2,2,1
0,0,0,1,1,1,2,6,1,1,1,4,2,1
0,0,1,1,2,2,2,2,2,2,4,2,2,1
0,1,1,2,2,4,2,4,4,1,1,2,1,1
0,1,2,2,1,4,1,1,2,2,2,2,2,1
0,1,2,1,2,4,2,4,4,2,1,2,1,1,1
0,1,2,2,2,4,2,1,2,2,1,2,4,2,1,1,1,1,1
1,1,1,1,2,2,2,2,1,2,2,4,4,2,1,2,2,2,1
1,1,1,1,2,1,1,2,4,2,2,2,2,2,2,2,2,2,1
1,3,2,2,2,2,1,1,1,2,2,1,1,1,1,1,1,1,1
1,3,3,2,3,3,1,0,1,1,1,1
1,3,3,3,1,3,1
1,3,3,3,3,3,1
1,1,1,1,1,1,1

#12
1,1,1,1,1,1,1,1,1,1,1,1,1,1,1,1
1,2,2,2,2,2,2,2,2,2,2,2,2,2,2,1
1,2,1,2,1,1,1,1,1,1,2,2,2,2,2,1
1,2,1,2,2,4,2,4,2,4,2,4,1,2,2,1
1,2,1,2,2,2,4,6,4,2,2,2,1,1,2,1,1
1,2,1,2,2,4,2,4,2,4,1,1,1,3,3,3,1
1,2,1,2,2,2,4,2,4,2,2,1,1,3,3,3,1
1,2,1,1,1,4,4,4,2,4,2,1,1,3,3,3,1
1,2,2,2,2,2,1,2,1,1,2,1,1,3,3,3,1
1,1,1,1,1,2,2,2,1,1,2,1,1,3,3,3,1
0,0,0,0,1,1,1,1,1,2,2,2,2,2,1,1,1
0,0,0,0,0,0,0,0,1,2,2,2,2,2,1
0,0,0,0,0,0,0,0,1,1,1,1,1,1,1

#13
0,0,0,1,1,1,1,1,1,1,1,1
0,0,1,1,2,2,2,1,1,2,2,1,1,1,1,1,1
1,1,1,2,2,2,2,2,1,2,2,1,2,2,2,2,1,1,1
1,2,2,4,2,1,4,2,1,2,2,1,2,2,3,3,3,2,1
1,2,1,2,4,1,6,4,1,1,2,1,2,1,3,1,3,2,1
1,2,2,1,2,1,4,2,2,1,2,2,2,2,3,2,3,2,1
1,2,4,2,2,2,2,4,2,1,2,1,2,1,3,1,3,2,1
1,2,2,2,1,1,2,2,1,1,4,2,4,2,3,2,3,2,1
1,2,4,2,1,2,2,2,1,2,2,1,4,1,3,1,3,2,1
1,1,2,4,2,2,4,2,2,2,4,2,2,4,3,3,3,2,1
0,1,4,2,1,1,1,1,1,1,2,2,2,2,1,1,2,2,1
0,1,2,2,1,2,2,2,2,1,1,1,1,1,1,1,1,1,1
0,1,1,1,1

#14
0,0,0,0,0,0,0,1,1,1,1,1,1,1
0,1,1,1,1,1,1,1,2,2,2,2,2,1
0,1,2,2,2,2,2,1,2,4,6,4,2,1
0,1,4,4,2,1,2,2,2,1,1,1,1,1,1,1,1,1
0,1,2,1,1,1,3,3,3,3,3,3,1,1,2,2,2,1
0,1,2,2,2,4,3,3,3,3,3,3,1,1,2,1,2,1
0,1,2,1,1,1,3,3,3,3,3,3,2,2,2,2,2,1
1,1,2,2,2,1,1,1,1,2,1,1,1,2,1,4,1,1
1,2,2,1,4,2,2,2,1,2,2,4,2,2,1,2,1
1,2,2,4,2,4,4,4,2,2,1,2,4,1,1,2,1
1,2,2,2,4,2,4,2,1,1,1,4,4,2,1,2,1
1,1,1,1,1,2,2,2,2,2,4,2,2,2,1,2,1
0,0,0,0,1,1,1,2,1,1,1,2,2,2,1,2,1
0,0,0,0,0,0,1,2,2,2,2,2,1,2,2,2,1
0,0,0,0,0,0,1,1,1,1,1,1,1,1,2,2,1
0,0,0,0,0,0,0,0,0,0,0,0,0,1,1,1,1

#15
0,0,0,1,1,1,1,1,1,1,1
0,0,0,1,2,2,2,1,2,2,1
0,0,0,1,2,2,4,2,2,2,1
0,1,1,1,2,1,4,2,2,2,1,1,1,1
0,1,2,2,4,2,2,1,1,4,2,2,2,1
0,1,2,2,1,2,6,2,4,2,1,2,4,1
0,1,2,2,1,2,2,2,2,2,2,4,2,1,1,1,1
0,1,1,2,1,1,1,1,4,1,1,2,2,2,2,2,1
0,1,2,4,1,3,3,3,3,3,1,2,1,2,2,2,1
0,1,2,2,4,3,3,5,5,3,2,4,1,2,1,1,1
1,1,2,2,1,3,3,3,3,3,1,2,2,2,1
1,2,2,2,1,1,1,2,1,1,1,1,1,1,1
1,2,4,4,2,2,1,2,2,1
1,2,2,1,2,2,2,2,2,1
1,1,1,1,1,1,2,2,2,1
0,0,0,0,0,1,1,1,1,1

#16
1,1,1,1,1
1,2,2,2,1,1
1,2,2,2,2,1,0,0,1,1,1,1
1,2,4,2,2,1,1,1,1,2,2,1
1,2,2,4,4,2,4,2,2,2,4,1
1,1,1,6,2,1,4,2,2,2,2,1,1
0,1,2,2,1,1,2,2,4,2,4,2,1,1
0,1,2,4,2,2,1,1,2,1,1,2,3,1
0,1,2,2,1,4,1,1,4,2,2,1,3,1
0,1,1,1,2,2,2,4,3,3,1,1,3,1
0,0,1,2,2,2,2,1,3,5,3,3,3,1
0,0,1,2,4,4,2,1,3,3,3,3,3,1
0,0,1,2,2,1,1,1,1,1,1,1,1,1
0,0,1,2,2,1
0,0,1,1,1,1

#17
0,0,0,1,1,1,1,1,1,1,1,1,1
0,0,0,1,3,3,2,2,1,2,2,2,1
0,0,0,1,3,3,2,2,2,2,2,2,1
0,0,0,1,3,3,2,2,1,2,2,1,1,1,1
0,0,1,1,1,1,1,1,1,2,2,1,2,2,1,1
0,0,1,2,2,2,2,2,2,2,2,2,2,2,2,1
0,0,1,2,2,1,2,2,1,1,2,2,1,2,2,1
1,1,1,1,2,1,1,2,2,1,1,1,1,2,1,1
1,2,2,4,2,2,1,1,1,1,1,2,1,2,2,1
1,2,1,2,4,2,2,4,2,2,1,2,4,2,2,1
1,2,6,4,2,2,4,2,2,2,1,2,2,2,1,1
1,1,1,1,2,1,1,2,1,1,1,1,1,1,1
0,0,0,1,2,2,2,2,1
0,0,0,1,1,1,1,1,1

#18
0,0,0,0,0,1,1,1,1,1,1,1,1,1,1,1
0,0,0,0,0,1,2,2,3,2,2,1,2,2,2,1
0,0,0,0,0,1,2,1,3,2,2,2,2,6,2,1
0,1,1,1,1,1,2,1,1,3,3,1,2,1,1,1,1
1,1,2,2,1,2,3,3,1,1,1,2,2,2,2,2,1,1,1
1,2,4,2,1,3,3,3,2,2,2,4,2,1,2,2,4,2,1
1,2,2,2,2,3,3,2,1,1,2,2,1,1,2,1,1,2,1
1,1,1,1,4,1,1,4,1,2,4,2,1,2,2,2,1,2,1
0,0,1,1,2,1,2,2,2,2,1,4,2,4,4,2,1,2,1
0,0,1,2,2,4,2,1,2,1,2,2,1,2,4,1,1,2,1
0,0,1,2,2,2,2,2,2,2,2,2,2,2,2,2,2,2,1
0,0,1,2,2,1,1,1,1,1,1,1,1,1,1,1,2,2,1
0,0,1,1,1,1,0,0,0,0,0,0,0,0,0,1,1,1,1

#19
0,0,1,1,1,1,1,1
0,0,1,2,2,2,6,1,1,1,1
1,1,1,1,1,2,4,2,2,2,1
1,2,2,2,1,1,2,2,2,2,1,1,1,1
1,2,4,2,1,2,2,1,1,2,2,2,2,1
1,2,4,2,1,2,2,1,1,1,1,1,2,1
1,1,2,4,2,2,4,2,2,2,2,1,2,1
0,1,2,4,2,4,2,1,1,1,2,1,2,1
0,1,2,1,2,2,4,2,2,1,2,1,2,1
0,1,2,1,2,1,4,1,2,2,2,1,2,1
1,1,2,1,1,1,2,2,2,1,2,1,2,1,1,1,1,1,1
1,2,2,4,2,2,1,1,1,1,2,1,2,1,3,3,3,3,1
1,2,2,2,2,4,2,2,2,2,4,2,2,2,3,3,1,3,1
1,1,1,1,4,2,2,4,1,2,4,2,2,2,3,3,3,3,1
1,2,2,2,2,2,2,2,1,2,2,1,1,2,3,3,3,3,1
1,1,1,1,1,1,1,1,1,1,1,1,1,1,1,1,1,1,1

#20
0,0,0,0,1,1,1,1,1,1,1,1,1,1
1,1,1,1,1,2,2,2,2,2,2,2,2,1,1,1,1
1,2,2,2,2,2,1,2,2,2,4,2,2,1,6,2,1
1,2,1,1,1,1,1,1,1,4,1,1,1,1,2,2,1,1,1
1,2,1,2,2,2,2,1,1,2,1,2,2,1,4,2,3,3,1
1,2,1,2,4,2,2,2,2,2,1,2,2,1,2,2,1,3,1
1,2,1,2,4,2,2,1,2,2,2,2,2,1,4,2,3,3,1
1,2,1,2,2,1,1,1,2,1,1,2,2,2,2,2,1,3,1
1,2,1,1,1,2,2,1,2,2,1,2,2,1,4,2,3,3,1
1,2,1,2,2,2,2,1,2,2,1,1,1,1,2,2,1,3,1
1,2,1,4,2,2,2,4,2,2,4,2,2,1,4,2,3,3,1
1,2,2,2,2,4,2,1,2,4,2,4,2,1,2,2,1,3,1
1,1,1,1,2,4,1,1,1,2,2,2,2,1,4,2,3,3,1
0,0,0,1,2,2,2,2,4,4,2,1,1,1,3,3,3,3,1
0,0,0,1,2,2,2,2,2,2,1,1,2,1,1,1,1,1,1
0,0,0,1,1,1,1,1,1,1,1

#21
1,1,1,1,1,1,1,1,1
1,2,2,2,2,2,2,2,1
1,2,2,2,2,2,2,2,1,1,1,1
1,1,2,1,1,1,1,2,1,2,2,1
1,1,2,1,6,1,1,2,2,2,2,1
1,2,4,4,4,2,4,2,2,4,4,1
1,2,2,1,2,1,1,2,4,2,2,1
1,2,2,1,2,1,1,2,2,4,2,1,1,1,1
1,1,1,1,2,2,4,4,4,2,4,1,2,2,1
0,1,2,2,2,1,1,2,2,2,3,3,3,3,1
0,1,2,1,2,2,2,1,2,1,3,3,2,3,1
0,1,2,2,2,1,2,1,2,1,1,3,3,3,1
0,1,1,1,1,1,2,4,2,2,1,3,3,3,1
0,0,0,0,0,1,1,2,2,2,1,1,1,1,1
0,0,0,0,0,0,1,1,1,1,1

#22
1,1,1,1,1,1,2,2,2,2,2,1,1,1,1
1,2,2,2,2,1,1,1,1,1,1,1,2,2,1,1,1,1,1
1,2,2,2,4,1,2,2,1,2,2,4,2,2,1,2,2,2,1
1,2,2,4,2,2,4,2,2,4,2,1,2,4,2,4,2,2,1
1,1,4,2,4,2,2,2,1,2,6,1,2,4,2,2,2,2,1
1,2,2,4,2,1,1,1,1,1,1,1,1,1,1,1,2,1,1
1,2,1,2,2,2,1,3,3,3,3,3,3,3,1,2,4,1
1,2,1,1,2,2,1,2,3,3,3,3,3,3,1,2,2,1
1,2,1,2,2,2,4,3,3,3,3,3,3,3,3,4,2,1
1,2,1,2,4,2,1,3,3,3,3,2,3,3,1,2,2,1
1,2,2,4,2,4,1,1,1,1,4,1,1,1,1,2,4,1
1,2,4,2,2,2,1,1,1,2,4,2,2,2,4,2,2,1,1
1,2,4,2,2,2,2,2,4,2,4,2,2,4,2,2,2,2,1
1,1,2,1,1,1,1,1,1,2,4,2,1,1,1,1,1,2,1
1,2,2,2,2,2,2,2,2,2,1,2,2,2,2,2,2,2,1
1,1,1,1,1,1,1,1,1,1,1,1,1,1,1,1,1,1,1

#23
0,0,0,0,1,1,1,1,1,1,1
0,0,0,0,1,2,2,1,2,2,1,1,1,1
1,1,1,1,1,2,4,1,4,2,1,2,2,1,1
1,3,3,2,1,2,2,1,2,2,1,2,2,2,1
1,3,3,2,1,2,4,1,4,2,1,2,2,4,1,1,1,1
1,3,2,2,1,2,2,2,2,2,1,4,2,2,1,2,2,1
1,3,3,2,2,2,4,1,2,2,1,2,4,2,2,2,2,1
1,3,3,6,1,2,2,1,4,2,1,4,2,2,1,2,2,1
1,3,3,2,1,2,4,1,2,2,2,2,2,4,1,2,2,1
1,3,3,2,1,2,2,1,4,4,1,4,2,2,1,2,2,1,1
1,3,3,2,1,2,4,1,2,2,1,2,2,4,1,4,2,2,1
1,3,3,2,1,2,2,1,2,2,1,2,2,2,1,2,2,2,1
1,1,3,2,1,1,1,1,2,2,1,1,1,1,1,2,2,2,1
0,1,1,1,1,2,2,1,1,1,1,2,2,2,1,1,1,1,1

#24
1,1,1,1,1,1,1,1,1,1,1,1,1,1,1
1,3,3,3,3,3,3,3,3,3,3,2,2,3,1,1,1,1
1,3,3,3,3,3,3,3,3,3,3,4,4,3,1,2,2,1
1,1,1,1,1,1,1,1,1,1,1,4,2,1,2,2,2,1,1
1,2,2,2,2,2,2,4,2,2,4,2,2,2,2,2,4,2,1
1,1,2,1,1,1,1,2,2,2,1,2,2,4,2,1,2,2,1
1,2,2,2,2,2,2,1,2,2,2,1,1,2,2,1,2,1,1
1,2,2,4,1,2,2,1,2,1,1,2,2,1,1,1,2,1,1
1,2,4,2,1,4,2,1,1,2,2,2,2,1,1,1,2,1,1
1,1,1,2,2,4,2,1,2,2,1,2,2,1,1,1,2,1,1
1,1,1,2,2,2,2,4,2,1,1,2,1,2,2,1,2,1,1
0,1,2,4,2,2,1,2,2,4,2,2,4,2,4,2,2,2,1
0,1,2,2,4,2,2,4,1,4,4,4,2,2,1,2,2,2,1
0,1,2,2,1,2,2,4,2,2,2,2,2,2,1,1,1,1,1
0,1,2,6,1,1,2,2,1,2,2,1,2,2,1
0,1,1,1,1,1,1,1,1,1,1,1,1,1,1

#25
1,1,1,1
1,2,2,1,1,1,1,1,1,1,1,1,1,1,1,1,1
1,2,2,1,2,2,2,3,3,1,3,3,3,3,3,3,1
1,2,2,1,2,1,2,1,1,1,1,1,2,3,3,3,1
1,1,4,1,2,2,2,2,3,3,3,3,3,3,3,3,1
1,2,2,2,1,1,4,1,1,1,1,1,1,2,2,1,1,1,1
1,2,4,2,1,2,2,2,2,2,1,1,1,1,1,1,6,2,1
1,1,4,2,1,2,4,2,2,2,1,1,1,1,1,1,2,2,1
1,2,2,4,2,1,4,4,4,1,1,2,2,2,2,2,2,2,1
1,2,2,2,2,2,2,1,2,2,2,2,1,4,1,4,1,1,1
1,2,1,1,1,1,2,1,4,4,4,4,4,2,2,2,2,1
1,2,1,2,2,2,2,4,2,2,2,2,2,1,2,2,2,1
1,2,1,2,2,2,1,1,2,2,2,2,2,2,2,2,1,1,1
1,2,1,1,1,1,1,1,4,1,1,1,1,1,1,2,4,2,1
1,2,2,2,2,2,2,2,2,1,2,2,2,2,1,2,2,2,1
1,1,1,1,1,1,1,1,1,1,2,2,2,2,1,1,1,1,1

#26
0,1,1,1,1,1,1,1
0,1,2,2,1,2,2,1,1,1,1,1
1,1,2,2,1,2,2,1,3,3,3,1,1,1
1,2,2,4,1,2,2,1,3,3,3,2,2,1
1,2,4,2,1,4,4,2,3,3,3,2,2,1
1,2,2,4,1,2,2,1,3,3,3,2,3,1
1,2,2,2,1,2,4,1,1,1,1,1,1,1,1
1,1,4,2,2,2,2,2,2,2,4,2,4,2,1
1,1,2,2,1,2,2,4,4,2,1,2,2,2,1
0,1,1,1,1,1,1,2,2,1,1,4,4,6,1
0,0,0,0,0,0,1,2,2,2,2,2,2,1,1
0,0,0,0,0,0,1,1,1,1,1,1,1,1

#27
0,1,1,1,1,1,1,1,1,1,1,1,1,1,1,1,1,1
0,1,3,3,3,2,2,2,1,2,2,2,2,1,2,2,2,1,1
1,1,3,3,3,3,3,2,2,4,1,1,2,1,2,1,4,2,1
1,3,3,3,3,3,3,1,2,2,4,2,2,1,2,2,2,2,1
1,3,3,3,3,3,3,1,2,2,1,2,2,1,2,1,2,2,1
1,1,1,1,1,1,1,1,1,2,4,2,2,4,2,4,2,2,1
0,0,1,2,2,2,2,2,1,4,1,1,4,2,1,1,4,1,1
0,1,1,2,2,2,4,2,2,2,2,1,2,4,2,2,2,2,1
0,1,2,2,1,1,2,1,1,1,2,1,2,2,1,1,4,2,1
0,1,2,4,2,4,4,2,2,2,2,2,4,2,2,4,2,2,1
0,1,2,4,2,2,2,2,4,1,1,4,2,1,1,1,1,1,1
0,1,1,1,1,1,1,1,2,2,6,2,1,1
0,0,0,0,0,0,0,1,1,1,1,1,1

#28
0,0,0,0,0,0,0,0,0,1,1,1,1,1
0,0,0,0,0,1,1,1,1,1,2,2,2,1
0,0,0,0,1,1,2,4,2,2,4,2,2,1,1,1,1
1,1,1,1,1,2,4,2,2,4,2,4,2,1,1,3,1
1,2,2,2,2,2,2,2,4,4,2,2,1,1,3,3,1
1,2,2,1,1,1,1,1,1,2,1,1,1,3,3,2,1
1,1,2,1,2,2,1,2,2,2,2,1,3,3,3,2,1
1,2,4,2,2,2,1,2,2,2,2,1,3,3,3,2,1
1,6,2,1,4,2,1,1,2,1,1,1,1,3,3,3,1
1,1,1,1,2,2,4,2,4,4,2,2,1,1,3,3,1
0,0,0,1,1,2,2,4,2,4,2,2,4,3,3,3,1
0,0,0,0,1,2,4,4,2,2,4,2,1,2,2,3,1
0,0,0,0,1,2,2,2,4,2,4,2,2,1,1,1,1
0,0,0,0,1,1,1,1,1,1,2,2,2,1
0,0,0,0,0,0,0,0,0,1,1,1,1,1

#29
1,1,1,1,1
1,2,2,2,1,1
1,2,4,2,2,1,1,1,1,1,1,1,1,1
1,1,2,1,2,1,2,2,2,2,2,2,2,1,1,1,1,1,1
1,1,2,1,2,2,2,4,1,4,1,6,2,2,1,2,2,2,1
1,2,2,1,2,2,2,2,2,2,4,2,1,2,2,2,4,2,1
1,2,2,1,1,1,2,1,1,1,1,1,1,1,1,1,2,1,1
1,2,2,1,1,2,3,3,5,3,3,3,3,3,2,1,2,1,1
1,1,2,1,1,2,5,3,5,3,3,5,3,5,2,1,2,1,1
1,2,4,1,1,1,1,1,1,1,1,1,1,2,1,1,4,2,1
1,2,2,4,2,2,2,4,2,2,4,2,2,2,2,4,2,2,1
1,2,2,1,2,2,2,1,2,2,2,1,2,2,2,1,2,2,1
1,1,1,1,1,1,1,1,1,1,1,1,1,1,1,1,1,1,1

#30
0,0,0,0,0,0,0,1,1,1,1,1,1,1,1,1,1,1
0,0,0,0,0,0,0,1,2,2,2,1,2,2,2,2,2,1
1,1,1,1,1,0,0,1,2,2,2,2,2,4,2,4,2,1
1,2,2,2,1,1,1,1,1,2,4,1,1,2,1,2,1,1
1,2,4,2,1,1,2,2,2,1,2,1,1,2,4,2,2,1
1,2,4,2,2,6,4,4,2,1,2,1,1,4,4,2,4,1
1,1,2,1,1,1,2,2,2,1,2,1,1,2,2,2,2,1
1,1,2,1,2,2,2,1,1,1,2,1,1,1,1,1,4,1
1,1,2,1,2,2,2,2,2,4,2,2,1,3,3,3,3,1
1,2,2,1,1,1,2,1,1,2,4,2,1,3,3,3,3,1,1
1,2,4,2,2,2,4,2,1,2,2,2,1,3,3,4,3,2,1
1,2,2,1,1,2,4,2,1,2,2,1,1,3,3,3,3,2,1
1,1,1,1,1,2,2,2,1,1,1,1,1,1,3,3,3,1,1
0,0,0,0,1,1,1,1,1,0,0,0,0,1,1,1,1,1

#31
0,0,1,1,1,1
0,0,1,2,2,1,1,1,1,1,1,1,1,1
0,1,1,2,2,1,1,2,2,1,2,2,2,1
0,1,2,2,4,1,2,4,6,4,2,2,2,1,1,1,1
0,1,4,2,2,4,2,2,1,2,4,2,4,1,2,2,1,1
1,1,2,2,4,1,1,2,1,4,2,4,2,2,2,2,2,1
1,2,2,1,2,2,1,2,1,2,2,2,4,4,4,2,2,1
1,2,4,2,2,2,2,4,2,2,4,1,1,2,1,1,1,1
1,2,4,2,4,2,1,4,1,2,2,1,2,2,1
1,1,2,2,1,1,1,2,2,1,1,1,4,2,1
0,1,2,2,1,3,3,3,3,2,2,2,2,2,1
0,1,1,1,1,3,3,3,3,3,3,1,1,1,1
0,0,0,1,3,3,3,3,1,1,1,1
0,0,0,1,3,3,3,1,1
0,0,0,1,3,3,3,1
0,0,0,1,1,1,1,1

#32
0,0,0,0,0,0,1,1,1,1
0,0,1,1,1,1,1,2,2,1
0,1,1,2,2,2,2,2,4,1
1,1,2,4,2,2,1,1,2,1,1,1
1,6,4,2,4,2,1,2,4,2,2,1
1,1,1,1,2,1,1,2,2,2,4,1
0,1,3,3,3,3,1,4,2,4,2,1
0,1,3,3,3,3,1,2,2,2,4,1
0,1,3,3,3,3,2,2,4,4,2,1,1
0,1,3,3,3,2,1,2,4,2,2,2,1
0,1,1,1,1,1,1,4,2,4,2,2,1
0,0,0,0,0,0,1,2,2,2,1,1,1
0,0,0,0,0,0,1,4,2,1,1,1
0,0,0,0,0,0,1,2,2,1
0,0,0,0,0,0,1,1,1,1

#33
1,1,1,1,1,1,1,1,1,1,1,1
1,1,2,2,2,2,2,1,1,2,2,1
1,1,2,2,2,4,2,2,2,4,2,1
1,1,1,1,2,1,1,2,4,4,2,1
1,2,2,2,4,2,1,2,2,2,2,1
1,2,4,4,4,2,1,2,1,1,1,1
1,2,2,2,1,2,1,2,4,2,1,1
1,2,2,1,2,2,1,2,2,4,2,1
1,2,4,1,2,4,1,2,2,2,2,1
1,2,2,2,3,3,1,2,1,1,1,1
1,1,1,1,3,3,2,4,2,1,6,1
1,3,3,3,3,3,1,2,4,1,2,1
1,1,3,3,3,3,1,2,2,4,2,1
1,1,1,3,3,1,1,2,2,2,2,1
1,1,1,1,1,1,1,1,1,1,1,1

#34
0,1,1,1,1,1,1,1,1,1
0,1,3,3,3,3,2,2,2,1,1
0,1,3,1,3,1,2,2,4,2,1,1
1,1,3,3,3,3,1,2,1,2,6,1,1
1,2,3,3,3,3,1,2,2,1,2,2,1,1
1,2,2,2,2,2,1,4,2,1,1,4,2,1
1,1,2,1,1,1,2,2,4,2,2,2,2,1
0,1,4,2,2,4,2,4,2,4,1,2,2,1
0,1,2,1,2,2,4,2,4,2,1,1,2,1
0,1,2,2,1,1,1,2,2,1,1,2,2,1
0,1,2,2,2,2,1,1,2,1,1,2,1,1
0,1,2,2,4,2,1,2,2,4,2,2,1
0,1,1,1,4,2,4,2,2,2,1,1,1
0,0,0,1,2,2,1,1,1,1,1
0,0,0,1,1,1,1

#35
1,1,1,1,1,1,1,1,1,1,1,1,2,1,1,1,1,1,1
1,2,2,2,1,2,2,2,2,1,2,1,1,1,3,3,3,3,1
1,2,2,2,4,4,1,2,2,2,6,2,2,3,3,3,3,3,1
1,2,2,2,1,2,1,1,1,2,2,2,1,2,3,3,3,3,1
1,1,2,1,1,2,1,1,1,2,2,1,2,2,3,3,3,3,1
0,1,2,4,2,4,2,2,2,2,2,1,2,1,2,1,1,1,1
0,1,2,2,4,2,4,1,1,2,2,1,2,2,2,2,2,2,1
1,1,1,1,2,1,2,2,1,1,1,1,2,1,2,1,1,2,1
1,2,2,1,2,1,4,2,2,2,1,1,2,1,2,2,2,2,1
1,2,4,2,2,4,2,2,1,2,1,1,2,1,2,2,2,1,1
1,2,1,2,4,2,4,2,2,2,2,1,2,1,2,2,2,1
1,2,2,4,2,1,1,2,1,1,2,1,2,1,1,1,1,1
1,2,4,4,2,2,2,2,2,4,4,2,2,1
1,1,2,1,1,2,1,1,1,2,4,2,2,1
0,1,2,2,2,2,1,2,1,2,2,2,2,1
0,1,1,1,1,1,1,2,1,1,1,1,1,1

#36
0,0,0,0,0,0,0,0,0,0,0,0,1,1,1,1,1
1,1,1,1,1,2,2,1,1,1,1,1,1,2,2,2,1
1,2,2,2,1,1,1,1,2,2,4,2,4,2,4,2,1
1,2,4,2,2,2,1,1,2,1,1,2,1,1,2,2,1,1
1,2,2,2,4,2,4,2,2,2,2,2,4,2,2,4,2,1
1,1,1,2,4,2,2,1,1,2,1,1,2,2,2,2,2,1,1
0,0,1,2,1,1,1,1,1,2,1,1,1,1,1,4,4,2,1
0,1,1,4,1,1,1,1,1,2,6,1,1,2,2,2,2,2,1
0,1,2,4,2,2,1,1,1,4,1,1,1,2,4,2,2,1,1
0,1,2,4,2,2,1,2,2,2,1,1,1,2,2,1,1,1
0,1,2,4,4,2,4,2,1,2,2,2,4,4,2,1
0,1,2,2,2,2,2,1,2,2,2,1,1,2,2,1
0,1,1,1,1,1,1,1,3,3,2,3,1,1,1
0,0,0,0,1,3,3,3,3,3,3,3,3,3,1
0,0,0,0,1,3,3,3,3,3,3,3,3,3,1
0,0,0,0,1,1,1,1,1,1,1,1,1,1,1

#37
1,1,1,1,1,1,1,1,1,1,1
1,3,3,3,3,3,3,2,2,2,1,1,1,1,1,1,1,1,1
1,3,3,3,3,3,3,2,2,2,1,2,2,1,1,2,2,2,1
1,3,3,1,1,1,2,4,2,2,2,2,4,2,2,2,2,2,1
1,3,3,3,2,4,2,4,2,1,2,2,2,1,1,2,2,2,1
1,3,3,3,1,4,1,1,1,1,1,2,2,2,2,1,2,2,1
1,1,1,2,2,2,2,1,2,2,2,1,4,2,2,1,4,2,1
0,0,1,2,2,4,4,2,4,2,4,2,2,4,1,1,2,2,1
0,0,1,2,2,4,2,2,2,1,4,1,4,2,1,1,4,2,1
0,0,1,1,1,2,1,1,2,1,2,2,2,2,1,1,2,2,1
0,0,0,1,2,2,4,2,4,2,1,1,2,1,1,1,1,1,1
0,0,0,1,2,2,2,2,4,2,2,4,2,2,1
0,0,0,1,1,2,2,2,1,2,1,2,2,2,1
0,0,0,0,1,1,1,1,1,6,1,1,1,1,1
0,0,0,0,0,0,0,0,1,1,1

#38
0,0,0,0,0,0,1,1,1,1
1,1,1,1,1,1,1,2,6,1
1,2,2,2,2,2,4,2,2,1
1,2,2,2,4,1,1,2,4,1
1,1,4,1,3,3,3,1,2,1
0,1,2,4,3,3,3,2,2,1
0,1,2,1,3,2,3,1,2,1,1
0,1,2,2,2,1,2,1,4,2,1
0,1,4,2,2,4,2,2,2,2,1
0,1,2,2,1,1,1,1,1,1,1
0,1,1,1,1

#39
0,0,0,0,0,0,0,0,0,0,0,0,0,1,1,1,1,1,1
0,1,1,1,1,1,1,1,1,1,1,1,1,1,3,3,3,3,1
1,1,2,2,2,1,1,2,2,2,2,2,1,1,3,3,3,3,1
1,2,2,4,4,1,1,2,2,4,2,6,1,1,3,3,3,3,1
1,2,2,2,2,2,2,4,4,2,4,1,2,2,3,3,3,3,1
1,2,2,4,2,1,1,2,4,4,2,1,2,1,2,3,3,3,1
1,2,2,4,2,1,1,2,4,2,2,1,2,2,3,3,3,3,1
1,1,2,1,1,1,1,1,2,1,1,1,2,1,1,3,1,1,1
1,1,2,2,2,4,2,2,4,2,1,1,2,2,2,3,2,2,1
1,2,4,1,1,1,2,2,1,2,1,1,1,1,1,2,1,1,1
1,2,2,2,4,2,2,2,1,2,2,2,2,2,2,2,1
1,2,2,4,2,1,4,2,4,2,4,1,1,1,2,2,1
1,2,4,4,4,1,2,4,2,2,2,1,2,1,1,1,1
1,2,2,2,2,1,2,2,4,4,2,1
1,1,1,1,1,1,2,2,2,1,1,1
0,0,0,0,0,1,1,1,1,1

#40
0,0,0,0,1,1,1,1,1,1,1,1,1,1,1,1
0,0,0,0,1,2,2,2,2,2,2,2,2,2,2,1,1
0,0,0,0,1,2,2,1,2,1,4,4,2,4,2,2,1
0,0,0,0,1,4,2,1,4,1,2,2,1,1,2,6,1
0,0,0,1,1,2,1,1,2,1,2,4,2,1,2,1,1
0,0,0,1,2,2,2,4,2,1,4,2,2,1,2,1
0,0,0,1,2,2,2,1,2,4,2,2,2,1,2,1
0,0,0,1,1,2,4,2,4,2,2,2,1,1,2,1
0,0,0,1,2,2,1,2,2,1,1,2,2,4,2,1
0,0,0,1,2,2,2,2,1,1,2,4,4,1,2,1
1,1,1,1,1,1,4,4,2,2,2,1,2,2,2,1
1,3,3,3,3,1,2,2,1,1,1,1,1,1,1,1
1,3,1,3,3,3,2,1,1
1,3,3,3,3,2,2,2,1
1,3,3,3,3,2,2,2,1
1,1,1,1,1,1,1,1,1

#41
0,0,0,0,0,0,0,0,0,0,0,1,1,1,1,1
0,0,0,0,0,0,0,0,0,0,1,1,2,2,2,1,1
0,0,0,0,0,0,0,0,0,1,1,2,2,2,2,2,1
0,0,0,0,0,0,0,0,1,1,2,2,4,4,2,2,1
0,0,0,0,0,0,0,1,1,2,4,4,2,2,4,2,1
0,0,0,0,0,0,0,1,2,4,2,2,2,2,4,2,1
1,1,1,1,2,2,2,1,2,2,2,4,4,2,1,1,1,1,1
1,2,2,1,1,1,1,1,1,1,1,2,1,1,2,2,2,2,1
1,3,2,2,2,2,2,2,2,2,2,2,2,2,4,4,4,6,1
1,3,1,2,1,1,1,1,1,1,1,2,1,1,2,2,2,1,1
1,3,1,2,1,1,1,1,1,1,1,3,2,1,4,2,4,1,1
1,3,3,3,3,3,3,3,3,3,3,3,2,1,2,2,2,2,1
1,1,1,1,1,1,1,1,1,1,1,1,1,1,2,2,4,2,1
0,0,0,0,0,0,0,0,0,0,0,0,0,1,1,2,2,1,1
0,0,0,0,0,0,0,0,0,0,0,0,0,0,1,1,1,1

#42
0,0,0,0,0,1,1,1,1,1,1,1,1
0,0,1,1,1,1,2,2,2,2,2,2,1,1,1,1,1,1
0,0,1,2,2,2,2,1,1,2,4,2,4,2,2,2,6,1
0,0,1,2,1,1,2,1,1,4,1,4,2,4,2,4,1,1
1,1,1,2,3,3,3,3,3,3,1,2,2,4,4,2,1,1
1,2,2,2,3,3,3,3,3,3,1,2,2,1,2,2,2,1
1,2,1,2,3,3,3,3,3,3,1,4,2,2,4,2,2,1
1,2,1,4,3,3,3,3,3,3,2,4,4,1,2,4,2,1
1,2,2,2,1,1,1,2,1,1,1,4,2,2,4,2,1,1
1,1,1,2,2,4,2,2,4,2,2,4,2,2,4,2,1
0,0,1,2,2,4,2,2,4,2,2,4,2,2,4,2,1
0,0,1,1,1,1,1,1,2,2,2,1,1,1,1,1,1
0,0,0,0,0,0,0,1,1,1,1,1

#43
0,0,0,0,0,0,0,0,1,1,1,1,1,1,1
0,0,0,0,1,1,1,1,1,2,2,1,2,2,1,1,1,1
0,0,0,0,1,2,2,2,1,2,2,2,4,2,2,2,2,1
0,1,1,1,1,2,1,4,4,2,1,1,2,1,1,2,2,1
1,1,2,2,2,2,2,2,1,2,1,2,2,1,1,2,1,1,1
1,2,2,1,1,1,2,4,1,4,2,2,4,2,2,4,2,2,1
1,3,3,3,2,2,2,2,1,2,1,1,2,2,1,2,2,2,1
1,3,3,3,1,2,2,2,2,6,2,1,2,1,1,1,2,1,1
1,3,3,3,1,2,2,1,1,1,2,2,4,2,2,4,2,2,1
1,1,1,1,1,1,1,1,2,1,1,2,2,2,1,2,2,2,1
0,0,0,0,0,0,0,0,0,0,1,1,1,1,1,1,1,1,1

#44
0,1,1,1,1,1
0,1,2,2,2,1
0,1,2,1,2,1,1,1,1,1,1,1
0,1,2,2,2,2,2,2,4,6,1,1,1,1,1,1
0,1,2,4,2,1,1,4,2,1,1,1,2,2,2,1
0,1,2,1,1,1,1,2,4,2,2,2,2,4,2,1
0,1,2,1,1,1,1,1,2,1,2,2,1,4,2,1,1,1,1
1,1,2,2,1,1,1,1,2,1,1,4,2,2,2,2,2,2,1
1,2,2,4,1,2,2,4,2,2,1,2,1,1,2,1,1,2,1
1,2,2,2,2,2,2,2,2,2,1,2,1,3,3,3,1,2,1
1,1,1,1,1,1,2,2,1,1,1,2,2,3,3,3,2,2,1
0,0,0,0,0,1,1,1,1,2,1,2,1,3,3,3,1,2,1
0,0,0,0,0,0,0,0,0,0,1,2,1,1,1,2,1,2,1
0,0,0,0,0,0,0,0,0,0,1,2,2,2,2,2,2,2,1
0,0,0,0,0,0,0,0,0,0,1,1,1,1,1,1,1,1,1

#45
1,1,1,1,1,2,1,1,1,1
1,3,3,3,1,2,1,2,2,1,1,1,1
1,3,3,3,1,1,1,2,2,4,2,2,1
1,3,3,3,3,1,1,2,4,2,2,4,1,1,1
1,1,3,3,3,3,1,1,2,2,2,4,2,2,1
1,1,1,3,3,3,2,1,1,2,4,2,4,2,1
1,2,1,1,2,2,2,2,1,2,2,4,2,2,1
1,2,2,1,1,2,1,2,1,1,1,2,1,1,1,1
1,2,4,2,1,2,1,4,2,2,4,2,2,2,2,1
1,2,2,4,2,6,2,4,2,2,2,2,4,2,2,1
1,2,2,2,1,2,4,2,4,4,2,4,2,1,1,1
1,2,2,1,1,1,1,1,1,2,2,1,1,1
1,2,1,1,2,2,2,2,1,1,1,1
1,1,1

#46
1,1,1,1,1,1,1,1,1,1
1,2,2,2,2,2,2,2,2,1,1,1,1
1,2,1,1,1,1,1,1,2,1,2,2,1,1
1,2,1,2,4,2,4,2,4,2,2,4,2,1
1,2,2,2,2,2,2,2,1,4,2,2,2,1
1,1,1,4,2,2,4,4,1,2,2,1,1,1
0,0,1,2,2,1,1,2,1,2,4,1,1
0,0,1,1,4,1,2,2,2,4,2,6,1
0,0,0,1,2,2,4,2,4,2,1,1,1
0,0,0,1,2,1,2,2,2,4,2,2,1
0,0,0,1,2,1,1,2,2,2,1,2,1
0,0,1,1,2,2,1,1,1,1,1,2,1
0,0,1,2,2,2,2,2,2,2,2,2,1
0,0,1,3,3,3,3,3,3,3,1,1,1
0,0,1,3,3,3,3,3,3,3,1
0,0,1,1,1,1,1,1,1,1,1

#47
0,0,0,0,0,0,0,0,0,1,1,1,1
0,1,1,1,1,1,1,1,1,1,2,2,1,1
1,1,2,2,4,2,2,2,2,2,2,4,2,1,1,1,1,1
1,2,2,2,1,1,2,1,1,2,2,2,1,1,3,3,3,1
1,2,1,4,4,2,4,2,4,4,1,4,1,1,3,3,3,1
1,2,1,2,2,2,6,2,2,2,1,2,2,2,3,3,3,1
1,2,2,4,1,2,1,1,1,4,4,2,2,2,3,3,3,1
1,2,4,2,2,4,4,2,2,4,2,1,1,3,3,3,3,1
1,1,1,4,2,2,2,2,2,2,2,1,1,1,1,1,1,1
0,0,1,2,2,1,1,1,1,1,1,1
0,0,1,1,1,1

#48
0,0,1,1,1,1,1,1,1,1,1
0,0,1,5,3,5,1,5,3,5,1
0,0,1,3,5,3,5,3,5,3,1
0,0,1,5,3,5,3,5,3,5,1
0,0,1,3,5,3,5,3,5,3,1
0,0,1,5,3,5,3,5,3,5,1
0,0,1,1,1,2,2,2,1,1,1
0,0,0,0,1,2,2,2,1
1,1,1,1,1,1,2,1,1,1,1,1,1
1,2,2,2,2,2,2,2,2,2,2,2,1
1,2,4,2,4,2,4,2,4,2,4,2,1
1,1,2,4,2,4,2,4,2,4,2,1,1
0,1,4,2,4,2,4,2,4,2,4,1
0,1,2,2,2,4,6,4,2,2,2,1
0,1,2,2,1,1,1,1,1,2,2,1
0,1,1,1,1,2,2,2,1,1,1,1

#49
0,0,0,0,0,0,0,1,1,1,1
0,0,0,0,0,0,0,1,2,2,1,1
0,0,0,0,0,0,0,1,2,2,2,1,1
0,0,0,0,0,0,0,1,2,4,4,2,1,1
0,0,0,0,0,1,1,1,4,2,2,4,2,1,1
0,0,1,1,1,1,2,2,2,2,4,2,2,2,1
1,1,1,2,2,1,2,1,1,1,1,1,2,2,1
1,2,2,2,2,1,2,1,3,3,3,3,4,2,1
1,2,1,2,2,2,4,2,3,3,3,3,1,2,1
1,2,2,4,2,1,2,1,3,5,3,3,1,2,1
1,1,1,2,2,1,1,1,1,2,1,1,1,2,1
0,0,1,1,1,1,2,6,4,2,2,1,1,4,1,1
0,0,0,0,0,1,1,1,2,4,2,2,2,2,2,1
0,0,0,0,0,0,0,1,2,2,1,1,2,2,2,1
0,0,0,0,0,0,0,1,1,1,1,1,1,1,1,1

#50
0,0,0,0,0,0,1,1,1,1,1,1,1,1,1,1,1,1
0,0,0,0,0,1,1,3,3,2,2,2,2,1,2,2,2,1
0,0,0,0,1,1,3,3,5,2,4,2,2,2,2,4,2,1
0,0,0,1,1,3,3,5,3,1,2,1,2,1,2,4,1,1
0,0,0,1,3,3,5,3,1,2,1,2,1,2,4,2,2,1
1,1,1,1,3,3,3,1,2,2,1,2,2,2,2,1,2,1
1,2,2,1,1,2,1,2,2,2,2,2,2,2,2,2,2,1
1,2,6,4,2,4,2,1,1,1,2,2,1,2,2,2,1,1
1,2,4,2,2,2,4,2,2,2,1,2,1,2,2,2,1
1,1,1,4,4,2,2,2,1,2,1,2,1,2,1,2,1
0,0,1,2,2,2,4,2,2,2,1,2,1,2,1,1,1,1,1
0,0,1,2,4,1,2,1,1,1,1,1,2,2,2,2,2,2,1
0,0,1,4,2,2,2,1,2,2,2,1,2,2,2,2,1,2,1
0,0,1,2,2,1,1,1,2,2,2,1,1,2,2,2,2,2,1
0,0,1,2,2,1,2,2,2,2,2,2,1,2,2,2,2,1,1
0,0,1,1,1,1,2,2,2,2,2,2,1,1,1,1,1,1

#51
0,1,1,1,1,1,1,1,1,1
0,1,2,2,2,2,2,2,2,1
0,1,2,4,2,4,4,2,4,1
1,1,1,2,1,2,2,4,2,1
1,3,1,2,2,2,4,4,2,1,1
1,3,1,1,1,2,2,2,4,2,1
1,3,1,3,2,4,2,1,1,2,1,1,1,1
1,3,3,3,2,2,4,1,1,2,4,2,2,1
1,3,3,3,4,2,2,2,4,2,2,2,2,1
1,3,3,1,1,1,4,1,1,1,2,1,6,1
1,3,3,1,2,1,2,2,2,2,2,1,1,1
1,1,1,1,2,1,1,1,1,1,1,1

#52
0,0,0,0,0,0,0,0,0,0,0,1,1,1,1,1,1,1,1
0,0,0,0,0,0,0,0,0,0,0,1,3,3,3,3,3,3,1
0,0,0,1,1,1,1,2,2,2,2,1,3,3,3,3,3,3,1
0,0,0,1,2,2,1,1,1,1,1,1,1,1,1,3,3,3,1
0,0,0,1,2,4,2,2,2,4,2,2,2,2,1,3,3,3,1
0,0,0,1,2,2,1,2,1,2,1,2,1,2,1,2,2,2,1
1,1,1,1,1,2,1,2,1,2,1,6,1,2,1,2,2,2,1
1,2,2,2,1,2,1,1,1,2,1,1,1,2,1,1,2,1,1
1,2,2,2,2,4,2,1,2,4,2,4,2,4,2,1,2,1
1,2,4,4,4,2,2,4,2,2,2,1,2,2,2,2,2,1
1,2,2,2,1,2,1,1,1,4,1,1,1,4,1,1,2,1
1,1,1,2,1,2,2,4,2,2,2,1,2,2,2,2,2,1
0,1,1,2,4,2,2,1,2,4,2,4,2,4,2,1,1,1
0,1,2,2,1,2,1,1,1,2,1,1,1,2,1,1
0,1,2,4,2,2,2,2,2,2,2,2,2,2,1
0,1,2,2,1,1,1,1,1,1,1,1,1,1,1
0,1,1,1,1

#53
1,1,1,1,1,1,1,1,1,1,1,1,1,1,1,1,1,1,1,1
1,2,2,2,2,1,1,2,2,2,1,2,2,2,2,1,2,2,2,1
1,2,2,4,2,2,4,2,2,2,2,2,1,1,2,4,2,2,2,1
1,1,2,1,1,1,1,1,2,2,3,1,1,1,1,1,1,2,1,1
0,1,2,1,1,2,2,1,1,3,3,3,3,1,1,1,1,2,1,1
1,1,2,1,1,4,2,1,1,1,3,3,1,1,2,2,2,2,2,1
1,2,2,2,2,2,2,1,3,3,3,2,3,1,2,4,2,4,2,1
1,2,4,2,1,1,2,1,1,2,3,2,1,1,1,2,1,1,1,1
1,2,1,2,4,2,2,2,2,1,3,1,1,2,1,2,1
1,2,4,2,4,2,1,2,2,2,3,1,1,1,1,2,1,1
1,2,1,2,2,1,1,2,1,2,1,1,2,2,1,2,2,1,1
1,1,1,1,1,1,1,2,2,4,1,1,4,2,2,2,4,2,1
0,0,0,0,0,0,1,1,2,2,2,2,2,2,4,2,1,6,1
0,0,0,0,0,0,0,1,2,2,1,1,2,1,1,1,1,1,1
0,0,0,0,0,0,0,1,1,1,1,1,1,1

#54
1,1,1,1,1,1,1,1,1,1,1,1,1,1,1,1,1,1,1,1
1,2,2,2,1,2,2,2,2,1,2,2,2,1,2,2,2,1,6,1
1,2,4,2,2,2,2,2,2,4,2,2,2,4,2,2,2,1,2,1
1,1,2,1,1,1,3,3,1,1,2,1,1,1,2,2,2,2,2,1
1,2,2,2,1,3,3,3,3,1,4,1,2,2,4,1,1,1,2,1
1,2,4,2,1,3,3,3,3,1,2,2,4,2,2,4,2,4,2,1
1,2,2,2,1,3,3,3,3,1,2,1,2,1,2,4,2,4,2,1
1,2,2,2,1,1,3,3,1,1,2,2,2,1,4,1,2,2,2,1
1,1,4,1,1,2,2,2,2,1,1,2,2,1,2,2,1,4,1,1
1,2,2,2,4,2,2,4,2,2,2,2,2,1,2,2,1,2,2,1
1,2,2,2,1,2,2,2,2,1,2,2,2,1,2,2,2,2,2,1
1,1,1,1,1,1,1,1,1,1,1,1,1,1,1,1,1,1,1,1

#55
1,1,1,1,1,1,1,1,1,1,1,1,1,1,1,1,1,1,1
1,2,2,2,2,6,1,1,2,2,2,2,2,2,1,2,2,2,1
1,2,2,2,2,1,1,2,2,2,2,4,2,2,2,2,4,2,1
1,2,2,1,1,1,3,3,3,3,1,2,1,2,1,2,2,1,1,1
1,2,2,2,1,3,3,3,3,1,2,1,2,1,2,4,2,2,2,1
1,1,1,2,1,3,3,3,1,2,2,1,2,2,2,2,2,2,2,1
0,1,2,2,1,1,3,1,2,2,2,2,2,4,2,2,2,4,2,1
0,1,2,2,4,2,4,2,1,1,1,2,2,1,2,1,2,1,1,1
0,1,2,4,2,2,2,2,2,2,2,1,2,1,2,4,2,2,2,1
0,1,1,1,2,4,2,2,4,1,2,1,2,1,2,1,2,4,2,1
0,0,0,1,2,2,2,2,2,2,2,2,2,1,2,1,2,2,1,1
0,0,0,1,1,1,1,1,1,1,1,1,1,1,1,1,1,1,1,2

#56
1,1,1,1,1,1,1,1,1,1,1,1,1,1,1,1,1,1,2
1,2,2,1,2,2,1,1,2,2,2,2,1,2,2,2,6,1,1,1
1,1,2,2,2,2,4,2,2,2,2,1,2,4,1,1,1,2,2,1
1,1,4,1,2,4,2,1,1,4,1,2,4,2,4,2,2,2,2,1
1,2,2,2,4,1,2,2,2,2,4,2,2,2,2,2,2,1,1,1
1,2,1,1,2,2,2,4,2,1,1,1,2,2,1,3,3,3,3,1
1,2,1,2,4,1,2,1,2,1,2,1,2,1,3,3,3,3,1,1
1,2,2,2,2,4,2,4,2,1,2,2,1,3,3,3,3,1,1
1,1,4,2,1,1,1,2,2,4,2,1,3,3,3,3,1,1,2
1,2,2,1,2,4,2,2,2,2,2,2,2,2,1,1,1,2,2
1,2,2,2,2,2,2,1,2,1,2,2,2,2,1,2,2,2,2
1,1,1,1,1,1,1,1,1,1,1,1,1,1,1,2,2,2,2,2

#57
1,1,1,1,1,1,1,1,2,1,1,1,1,1,1,1,1,1,1,1
1,6,2,2,2,2,2,1,1,1,2,2,2,1,2,2,1,2,2,1
1,2,1,2,1,2,2,1,2,2,4,2,2,4,2,2,2,2,2,1
1,1,1,1,1,2,2,2,2,2,1,2,4,2,4,1,4,1,2,1
1,3,1,3,3,1,2,2,2,2,1,1,4,2,4,2,2,2,2,1
1,3,3,3,3,3,2,2,2,2,4,2,2,2,1,2,2,2,1,1
1,3,3,3,3,3,2,2,2,2,1,1,1,4,1,1,4,1,1,1
1,3,1,3,3,1,2,2,2,2,4,2,2,2,2,1,2,2,2,1
1,1,1,1,1,2,2,2,2,2,1,2,2,1,4,2,2,4,2,1
0,0,0,0,1,2,2,1,2,2,4,2,2,2,2,4,2,4,2,1
0,0,0,0,1,2,2,1,2,2,1,2,2,1,2,2,1,2,2,1
0,0,0,0,1,1,1,1,1,1,1,1,1,1,1,1,1,1,1,1

#58
0,1,1,1,1,1,1,1,1,1,1,1,1,1,1,1,1,1,1,1
1,1,3,3,3,2,2,2,1,1,2,1,2,2,2,2,1,2,2,1
1,3,3,3,3,2,2,2,2,2,2,2,2,2,4,2,1,1,2,1
1,3,3,3,3,1,2,1,2,1,4,1,1,1,4,2,2,2,2,1
1,3,3,3,1,2,2,2,2,1,2,2,2,2,2,2,2,1,2,1
1,1,3,1,2,2,1,4,2,1,2,2,2,2,2,4,1,1,2,1
1,2,2,1,2,2,1,2,4,2,4,2,1,1,1,2,2,4,2,1
1,2,2,2,2,2,4,2,2,4,2,1,2,2,1,2,1,1,2,1
1,1,2,1,2,1,1,2,1,4,4,1,2,4,1,2,2,1,2,1
1,2,2,1,2,2,2,4,2,4,2,1,2,2,2,2,2,2,1,1
1,2,2,2,2,1,2,2,2,2,2,1,2,2,1,2,2,2,6,1
1,1,1,1,1,1,1,1,1,1,1,1,1,1,1,1,1,1,1,1

#59
1,1,1,1,1,1,1,1,1,1,1,1,1,1,1,1,2,2
1,2,2,2,1,2,2,1,6,1,2,1,1,2,2,1,2,2
1,2,1,2,1,2,2,4,2,2,2,2,4,2,2,1,1,1,2
1,2,1,2,2,2,2,1,1,1,1,1,1,2,4,2,2,1,1,1
1,2,2,2,1,2,2,1,3,3,3,3,1,2,2,4,4,2,2,1
1,1,4,1,1,4,1,1,3,3,3,3,1,2,2,2,2,2,2,1
1,2,2,2,2,2,2,1,3,3,3,3,1,1,4,1,1,4,1,1
1,2,2,4,4,2,2,1,3,3,3,3,1,2,2,2,2,2,2,1
1,2,4,2,2,4,2,2,1,2,2,1,2,2,1,1,1,2,2,1
1,1,1,1,1,2,2,4,2,2,2,4,2,2,2,2,4,2,2,1
0,0,0,0,1,2,1,2,2,2,2,1,2,2,1,2,2,2,1,1
0,0,0,0,1,1,1,1,1,1,1,1,1,1,1,1,1,1,1,2

#60
1,1,1,1,1,1,1,1,1,1,1,1,1,1,1,1,1,1,1,1
1,2,1,2,2,2,2,2,1,2,2,2,2,2,2,2,2,2,2,1
1,2,2,2,2,2,2,2,4,2,2,1,1,2,1,1,1,2,1,1
1,1,1,1,1,2,2,1,1,2,2,2,4,2,2,4,2,2,2,1
1,1,3,3,1,1,2,2,1,2,1,2,4,2,1,2,1,2,2,1
1,3,3,3,3,2,2,4,2,2,2,2,2,1,1,4,1,2,1,1
1,3,3,3,3,2,2,4,1,1,1,1,1,2,2,2,1,4,1,1
1,1,3,3,1,2,1,2,2,1,2,2,2,1,2,2,4,2,2,1
0,1,1,3,1,2,1,2,2,4,2,2,2,4,2,2,1,2,6,1
0,1,2,2,4,2,2,4,2,1,2,2,2,1,2,2,1,1,1,1
0,1,2,2,2,2,2,2,2,1,1,1,1,1,1,1,1
0,1,1,1,1,1,1,1,1,1,2,2

#61
1,1,1,1,1,1,1,2,1,1,1,1,2,1,1,1,1,1,1,1
1,2,2,2,2,2,1,2,1,3,3,1,2,1,2,2,2,2,2,1
1,2,4,4,2,2,1,1,1,3,3,1,1,1,2,2,4,6,2,1
1,2,2,1,2,1,1,3,3,3,3,3,3,1,2,2,4,2,2,1
1,2,2,2,2,2,1,3,3,3,3,3,3,1,2,2,4,2,2,1
1,1,1,1,2,2,1,1,1,3,3,1,1,1,1,1,1,4,2,1
1,2,2,2,4,4,4,2,1,3,3,1,2,2,2,2,1,2,2,1
1,2,4,1,2,2,2,4,2,2,4,2,2,4,4,2,1,4,2,1
1,2,2,1,2,2,1,1,2,4,2,2,1,1,2,2,1,2,2,1
1,2,4,2,2,2,2,4,2,1,1,2,4,2,2,2,2,4,2,1
1,2,2,1,2,2,1,1,2,2,2,2,1,1,2,2,1,2,2,1
1,1,1,1,1,1,1,1,1,1,1,1,1,1,1,1,1,1,1,1

#62
1,1,1,1,1,1,1,1,1,1,1,1,1,1,1,1,1,1,1,1
1,2,2,2,2,1,2,2,1,2,1,2,2,1,2,2,1,2,2,1
1,2,6,1,2,1,2,1,1,2,4,2,2,2,4,2,2,2,1,1
1,1,1,1,2,1,2,2,2,2,1,2,2,1,2,4,2,2,2,1
1,2,2,2,2,1,2,1,1,2,1,4,2,1,1,2,1,1,2,1
1,2,2,2,2,2,2,4,2,2,2,4,2,2,2,4,2,2,2,1
1,3,3,1,1,1,4,4,1,1,2,4,1,1,4,2,1,1,2,1
1,3,3,1,3,1,2,2,1,2,4,2,2,2,4,2,1,2,2,1
1,3,3,3,3,1,2,4,4,2,2,2,1,1,4,2,1,1,1,1
1,3,3,3,3,1,2,2,1,1,1,1,1,2,2,2,2,2,2,1
1,3,3,3,1,1,1,2,2,2,2,2,2,2,2,1,1,2,2,1
1,1,1,1,1,2,1,1,1,1,1,1,1,1,1,1,1,1,1,1

#63
1,1,1,1,1,1,1,1,1,1,1,1,1,1,1,1,1,1,1,1
1,3,3,3,3,1,2,2,2,2,2,2,2,1,2,2,1,2,2,1
1,3,3,3,3,1,2,1,2,4,2,2,4,2,2,2,2,2,2,1
1,3,3,3,3,2,1,1,2,2,4,1,2,1,2,4,1,4,2,1
1,3,3,3,1,2,2,2,4,2,2,2,4,1,2,2,4,2,2,1
1,3,3,1,1,1,1,2,2,1,2,4,2,2,2,4,4,2,2,1
1,2,2,2,2,2,2,1,1,1,1,2,1,1,1,1,2,1,1,1
1,2,2,2,2,2,2,2,2,1,2,2,2,1,2,2,2,2,2,1
1,2,1,1,2,2,2,1,2,2,2,4,2,1,2,4,2,4,2,1
1,2,1,1,2,2,2,2,4,2,1,1,2,4,2,2,4,2,2,1
1,2,2,2,2,2,6,1,2,2,2,2,2,1,2,2,2,1,2,1
1,1,1,1,1,1,1,1,1,1,1,1,1,1,1,1,1,1,1,1

#64
1,1,1,1,1,1,2,1,1,1,1,1,1,1,1,1,1,1,1,1
1,3,3,3,3,1,2,1,2,2,2,2,2,2,2,2,2,2,2,1
1,3,3,3,3,1,2,1,1,1,2,1,2,2,1,4,1,2,1,1
1,3,3,3,3,1,2,1,2,2,2,1,4,2,2,4,2,2,2,1
1,3,3,3,3,1,2,1,2,2,2,2,4,2,2,1,4,4,1,1
1,1,2,2,1,1,2,1,2,4,1,2,2,1,4,2,4,2,2,1
1,6,2,2,1,1,2,1,2,2,4,2,2,4,2,2,1,2,2,1
1,1,2,2,1,1,1,1,4,1,1,1,4,1,1,2,4,2,2,1
0,1,2,2,2,2,2,2,2,2,1,2,2,1,2,2,4,2,2,1
0,1,2,2,2,1,1,1,2,2,1,2,2,4,2,2,1,1,1,1
0,1,1,1,1,1,2,1,2,2,1,2,2,1,2,2,2,2,2,1
0,0,0,0,0,0,0,1,1,1,1,1,1,1,1,1,1,1,1,1

#65
1,1,1,1,1,1,1,1,1,1,1,1,1,1,1,1,1,1,2
1,2,2,2,2,2,1,2,2,2,2,2,6,1,3,3,3,1,1
1,2,2,2,2,2,1,2,2,2,2,2,2,1,1,3,3,3,1,1
1,2,1,2,1,2,1,1,4,1,1,2,1,1,2,3,3,3,3,1
1,2,2,2,4,2,1,2,2,2,4,4,4,2,2,3,3,3,3,1
1,1,1,4,1,1,1,2,4,4,2,2,1,1,1,2,1,1,3,1
1,2,2,2,2,2,4,2,2,1,2,2,2,2,1,2,1,1,1,1
1,2,2,4,2,2,1,2,2,1,1,1,2,2,1,2,1,2,2,1
1,1,2,1,4,1,1,2,2,2,2,4,2,2,4,4,2,2,2,1
1,2,2,2,4,2,1,1,2,2,2,1,2,2,1,2,1,2,2,1
1,2,2,2,2,2,1,2,2,2,2,1,2,2,1,2,2,2,2,1
1,1,1,1,1,1,1,1,1,1,1,1,1,1,1,1,1,1,1,1

#66
1,1,1,1,1,1,1,1,1,1,1,1,1,1,1,1,1,1,1,1
1,2,2,2,2,2,1,2,2,1,3,3,3,1,6,2,2,2,2,1
1,2,1,2,2,2,2,2,2,2,3,3,3,3,1,2,2,2,2,1
1,2,2,4,2,2,1,2,2,2,1,3,3,3,3,1,2,2,2,1
1,2,1,1,4,1,1,1,1,2,1,1,3,3,3,3,1,2,2,1
1,2,4,2,2,2,4,2,2,1,2,2,1,3,3,3,1,2,2,1
1,2,4,4,2,1,2,2,2,1,2,2,2,1,2,4,4,2,2,1
1,1,1,2,2,4,4,4,1,2,2,2,4,4,2,2,4,2,2,1
1,2,4,2,2,1,2,2,1,2,2,2,2,1,2,4,1,2,2,1
1,2,2,2,4,1,2,2,1,2,2,2,2,2,2,2,4,2,2,1
1,2,2,1,2,2,2,2,1,2,2,2,2,1,2,2,1,2,2,1
1,1,1,1,1,1,1,1,1,1,1,1,1,1,1,1,1,1,1,1

#67
1,1,1,1,1,1,1,1,1,1,1,1,1,1,1,1,1,1,1,1
1,1,1,1,1,6,1,1,1,3,1,1,3,3,3,1,1,2,2,1
1,1,1,1,1,4,2,2,3,3,1,3,3,3,1,2,2,2,2,1
1,1,1,1,2,2,2,2,3,3,3,3,3,3,1,2,2,4,2,1
1,1,1,2,2,4,2,1,3,3,3,3,3,1,1,2,1,2,1,1
1,1,2,2,4,4,1,2,1,1,1,1,1,2,2,4,2,4,2,1
1,1,2,4,1,2,4,2,2,2,2,1,1,2,2,4,4,2,2,1
1,1,2,2,1,2,2,1,2,2,2,2,1,2,4,2,2,4,2,1
1,1,2,2,2,4,4,2,1,1,1,2,1,4,1,1,2,2,2,1
1,1,2,4,1,2,2,2,2,2,2,4,2,4,2,2,4,2,1,1
1,1,1,2,2,2,2,1,2,2,2,2,1,2,2,2,2,1,1,1
1,1,1,1,1,1,1,1,1,1,1,1,1,1,1,1,1,1,1,1

#68
1,1,1,1,1,1,1,1,1,1,1,1,1,1,1,1,1,1,1,1
1,6,2,2,2,2,2,1,2,2,2,1,2,2,2,2,2,2,2,1
1,1,2,1,1,1,2,1,1,2,2,1,1,1,1,2,1,2,1,1
1,2,2,2,2,1,2,1,2,2,4,4,2,2,2,2,2,2,2,1
1,2,2,1,2,1,2,1,2,4,2,1,2,4,2,1,1,2,1,1
1,2,2,2,2,2,4,2,1,2,2,1,4,4,2,1,2,2,2,1
1,2,2,1,1,1,2,2,1,2,2,2,2,2,2,1,1,2,1,1
1,3,3,1,3,1,2,4,2,1,2,2,4,2,1,2,2,2,2,1
1,3,3,1,3,1,2,2,4,2,1,2,1,1,2,4,4,2,2,1
1,3,3,3,3,1,1,2,2,2,4,4,2,2,4,2,2,1,2,1
1,3,3,3,3,3,1,1,2,2,2,2,2,2,2,2,1,2,2,1
1,1,1,1,1,1,1,1,1,1,1,1,1,1,1,1,1,1,1,1

#69
1,1,1,1,1,1,1,1,1,1,1,1,1,1,1,1,1,1,1,1
1,2,2,1,2,2,2,2,2,2,1,2,2,2,1,2,2,2,1,1
1,2,4,1,2,4,2,4,2,1,1,3,3,3,4,2,2,4,2,1
1,2,2,4,2,2,1,2,1,1,3,3,3,3,1,2,4,2,2,1
1,2,1,1,2,4,2,1,1,3,3,3,3,1,2,2,2,4,2,1
1,2,4,2,2,2,2,1,3,3,3,3,1,1,2,4,2,2,2,1
1,2,4,1,1,2,2,1,3,3,3,1,2,2,2,2,2,2,2,1
1,2,2,2,4,4,4,1,1,4,1,1,2,2,1,1,1,2,1,1
1,2,1,2,1,2,2,1,2,2,2,1,2,2,1,2,2,2,2,1
1,2,4,2,1,2,2,4,2,2,1,1,2,2,2,2,2,2,2,1
1,2,2,2,2,1,2,2,2,2,1,6,2,2,2,2,2,2,2,1
1,1,1,1,1,1,1,1,1,1,1,1,1,1,1,1,1,1,1,1

#70
1,1,1,1,1,1,1,1,1,1,1,1,1,1,1,1,1,1,1,1
1,2,2,1,2,2,1,2,1,2,2,2,2,1,2,2,1,2,2,1
1,2,2,2,4,2,2,2,2,2,2,4,2,4,2,2,2,2,2,1
1,1,2,1,2,2,1,4,1,1,1,4,1,1,2,2,1,1,2,1
1,2,2,2,4,2,2,2,2,2,4,2,2,1,2,2,4,2,2,1
1,2,1,1,1,4,1,1,4,1,2,2,2,1,2,4,2,2,2,1
1,2,1,2,2,2,4,2,4,2,2,1,1,1,1,1,1,2,4,1
1,2,4,2,2,4,4,2,4,2,2,1,6,1,3,1,3,3,3,1
1,2,1,2,2,2,2,2,1,2,2,1,2,1,3,1,3,3,3,1
1,2,1,1,1,1,1,1,1,1,1,1,2,1,3,3,3,3,3,1
1,2,2,2,2,2,2,2,2,2,2,2,2,1,3,3,3,3,3,1
1,1,1,1,1,1,1,1,1,1,1,1,1,1,1,1,1,1,1,1

#71
1,1,1,1,1,1,1,1,1,1,1,1,1,1,1,1,1,1,1,1
1,2,2,1,2,2,2,2,2,1,2,2,1,1,2,2,2,2,1,1
1,2,4,1,2,2,2,4,2,1,2,2,2,2,2,1,1,2,2,1
1,2,4,2,2,4,2,2,1,3,3,1,2,2,2,2,2,4,2,1
1,2,4,2,4,2,2,1,3,3,3,3,1,2,2,2,1,2,1,1
1,2,4,1,2,2,1,3,3,3,3,3,3,1,1,1,2,4,2,1
1,2,2,2,1,2,2,1,3,3,3,3,1,2,2,1,4,2,2,1
1,2,4,2,2,1,1,1,1,3,3,1,2,2,2,1,2,2,2,1
1,1,2,4,2,2,2,1,1,2,1,2,1,2,4,2,2,4,1,1
1,1,1,2,4,2,2,2,2,4,1,6,4,2,4,1,2,2,2,1
1,1,1,1,2,2,2,1,2,2,2,2,2,2,2,1,2,2,2,1
1,1,1,1,1,1,1,1,1,1,1,1,1,1,1,1,1,1,1,1

#72
1,1,1,1,1,1,1,1,1,1,1,1,1,1,1,1,1,1,1,1
1,2,2,2,2,2,2,3,3,3,3,1,2,2,2,2,1,1,1,1
1,2,2,2,2,2,2,3,3,3,3,2,2,2,2,2,2,2,2,1
1,2,1,2,1,1,1,1,1,1,1,1,1,1,2,2,2,2,2,1
1,2,1,4,2,2,2,1,2,2,2,2,2,2,1,1,1,3,3,1
1,2,2,4,2,2,2,1,4,4,1,1,1,2,2,2,1,3,3,1
1,2,4,2,1,1,1,2,4,2,2,2,4,2,2,2,1,3,3,1
1,2,4,2,1,2,2,2,4,2,4,2,1,2,2,1,1,3,3,1
1,2,2,1,2,2,4,4,2,1,2,4,2,1,1,2,2,2,1,1
1,6,1,1,2,4,1,2,2,4,2,2,4,2,2,2,2,2,1,1
1,1,2,2,2,2,2,2,2,1,1,2,2,2,1,2,2,1,1,1
1,1,1,1,1,1,1,1,1,1,1,1,1,1,1,1,1,1,1,1

#73
1,1,1,1,1,1,1,1,1,1,1,1,1,1,1,1,1,1,1,1
1,2,2,2,2,2,2,2,2,1,2,2,2,1,6,2,1,2,2,1
1,2,4,4,2,2,1,4,4,1,2,1,2,1,2,2,1,1,2,1
1,2,2,1,2,4,2,4,2,1,4,4,2,1,2,2,2,2,2,1
1,1,2,1,2,2,1,2,2,1,2,1,2,1,2,2,1,2,2,1
1,2,2,2,1,1,2,2,2,2,2,2,2,1,2,2,2,2,2,1
1,2,2,2,1,2,4,2,1,2,2,2,1,2,2,2,1,2,2,1
1,2,4,2,1,4,2,1,2,2,2,1,2,2,4,2,1,3,3,1
1,1,4,2,1,2,2,1,1,1,1,2,2,2,2,1,3,3,3,1
1,2,2,4,2,2,2,2,2,2,2,2,2,2,1,3,3,3,3,1
1,2,2,2,1,2,2,1,2,2,2,2,2,1,3,3,3,3,3,1
1,1,1,1,1,1,1,1,1,1,1,1,1,1,1,1,1,1,1,1

#74
1,1,1,1,1,1,1,1,1,1,1,1,1,1,1,1,1,1,1,1
1,2,2,2,2,2,1,2,2,2,1,1,1,1,1,2,2,2,2,1
1,1,2,4,2,2,1,2,2,2,1,1,1,1,2,2,4,2,2,1
1,1,1,1,2,4,4,2,2,2,1,3,3,1,2,2,1,2,2,1
1,2,2,4,2,2,4,2,2,1,1,3,3,1,1,1,1,2,1,1
1,2,4,2,2,2,1,1,1,3,3,3,3,2,2,2,4,4,2,1
1,2,2,1,4,1,2,2,2,3,3,3,3,1,2,1,2,4,2,1
1,2,1,2,2,1,2,4,2,3,3,1,1,1,4,1,2,2,2,1
1,2,1,2,2,2,4,2,1,3,3,1,2,2,2,1,1,2,2,1
1,2,2,2,4,1,2,2,1,1,1,1,2,2,2,1,2,4,1,1
1,2,1,2,2,1,2,2,2,2,6,1,2,2,2,2,2,2,1,1
1,1,1,1,1,1,1,1,1,1,1,1,1,1,1,1,1,1,1,1

#75
1,1,1,1,1,1,1,1,1,1,1,1,1,1,1,1,1,1,1,1
1,2,2,2,1,2,2,2,1,2,2,2,2,1,2,2,2,1,6,1
1,2,2,2,4,2,2,4,2,2,2,2,2,1,2,4,2,1,2,1
1,1,4,1,2,4,1,1,1,2,1,2,2,2,2,4,4,1,2,1
1,2,2,1,2,2,1,3,1,1,1,2,2,1,4,2,4,2,2,1
1,2,2,1,4,1,3,3,3,3,1,2,2,1,2,1,1,1,2,1
1,2,4,2,2,1,3,3,3,3,3,1,1,2,2,2,2,1,2,1
1,1,4,2,2,1,3,1,3,3,3,3,1,4,4,2,4,2,2,1
1,2,2,1,1,1,1,1,1,3,3,1,1,2,1,2,2,1,2,1
1,2,2,4,2,2,2,2,2,2,2,2,2,4,2,1,1,1,2,1
1,2,2,2,1,2,2,2,1,2,2,2,2,2,2,2,2,1,2,1
1,1,1,1,1,1,1,1,1,1,1,1,1,1,1,1,1,1,1,1

#76
1,1,1,1,1,1,1,1,1,1,1,1,1,1,1,1,1,1,1,1
1,2,1,2,1,2,1,2,2,2,1,6,1,1,2,2,2,1,2,1
1,2,2,2,2,2,2,2,2,2,2,2,2,2,4,2,2,2,2,1
1,2,2,1,1,4,1,2,1,1,1,1,1,2,4,2,1,2,1,1
1,1,2,2,2,2,1,1,3,3,3,3,3,1,2,2,1,2,2,1
1,1,4,1,1,4,1,3,3,3,3,3,1,1,1,4,1,4,2,1
1,2,2,2,1,2,1,1,3,3,3,3,3,1,2,2,1,2,1,1
1,2,2,4,2,2,2,2,1,1,3,3,1,1,2,2,1,2,2,1
1,2,4,2,1,2,2,2,4,2,2,2,4,2,2,4,4,4,2,1
1,1,2,4,2,2,4,1,2,1,2,2,1,2,2,4,2,2,2,1
1,2,2,2,1,1,2,2,2,1,2,2,1,2,2,2,2,2,2,1
1,1,1,1,1,1,1,1,1,1,1,1,1,1,1,1,1,1,1,1

#77
1,1,1,1,1,1,2,2,1,1,1,1,1
1,2,2,2,2,1,2,2,1,2,2,2,1
1,2,4,2,2,1,1,1,1,2,4,2,1
1,2,4,2,2,2,2,2,2,4,2,2,1
1,2,2,1,1,1,6,1,1,1,4,2,1
1,1,1,1,1,1,1,1,1,1,2,1,1,1
1,3,3,2,2,2,1,1,2,2,2,2,2,1
1,3,3,2,2,2,1,1,4,2,2,2,2,1
1,3,3,2,2,2,1,1,2,4,2,2,2,1
1,3,3,2,2,2,1,1,2,4,2,2,2,1
1,3,3,2,2,2,2,2,4,2,4,2,2,1
1,1,1,2,2,1,1,1,1,1,1,1,1,1
0,0,1,1,1,1

#78
0,0,0,0,0,0,0,1,1,1,1,1,1,1,1,1,1,1
0,0,0,0,0,0,0,1,2,2,2,2,2,2,2,2,2,1
0,0,0,0,0,0,0,1,2,2,2,2,4,2,4,2,2,1
1,1,1,1,1,1,2,1,2,4,2,1,1,1,1,1,2,1
1,2,2,2,2,1,1,1,1,1,2,4,2,2,1,1,4,1
1,2,2,2,2,2,2,2,4,2,4,2,2,2,2,2,2,1
1,2,2,2,2,2,2,2,2,2,2,1,1,2,1,1,2,1
1,2,2,2,2,1,1,6,1,1,1,1,1,2,1,1,2,1
1,2,2,2,2,1,1,1,1,2,2,2,1,2,1,1,2,1,1
1,3,3,3,3,1,2,2,2,2,2,2,1,2,4,2,2,2,1
1,3,3,3,3,1,2,2,2,2,2,2,1,2,2,2,2,2,1
1,1,1,1,1,1,2,2,2,2,2,2,1,1,1,1,1,1,1

#79
1,1,1,1,1,1,1,1,1,1,1,1,1
1,2,2,2,2,2,2,2,2,2,2,2,1
1,2,1,1,1,2,4,4,2,2,2,2,1
1,2,2,2,1,2,4,2,2,4,2,2,1
1,2,2,4,1,1,1,1,4,1,1,1,1,1,1
1,2,4,2,1,1,2,2,2,2,2,2,2,2,1,1,1,1,1
1,2,2,4,4,2,4,2,2,2,2,2,2,2,2,3,3,3,1
1,1,1,2,1,1,2,4,4,1,2,2,2,2,2,3,3,3,1
0,0,1,2,1,1,2,2,2,1,2,2,2,2,2,3,3,3,1
0,0,1,2,2,2,2,2,2,1,2,2,2,2,2,3,3,3,1
0,0,1,1,1,6,1,1,1,1,1,1,1,1,1,1,1,1,1
0,0,0,0,1,1,1

#80
0,0,1,1,1,1,1,1,1,1,1,1,1,1,1,1,1,1,1
1,1,1,6,1,1,2,2,2,2,2,2,2,2,2,3,3,3,1
1,2,2,2,2,1,2,2,2,2,2,2,2,2,2,3,3,3,1
1,2,4,2,2,1,2,2,2,2,2,2,2,2,2,3,3,3,1
1,2,4,4,2,1,2,2,2,2,2,2,2,2,2,3,3,3,1
1,1,2,4,2,1,1,1,4,1,1,1,1,1,1,1,1,1,1
0,1,2,1,1,1,2,2,4,2,1
1,1,2,2,2,4,2,2,4,2,1
1,2,2,4,2,1,2,2,4,2,1
1,2,4,2,2,1,2,2,2,2,1
1,2,2,4,2,1,2,2,2,2,1
1,2,2,2,2,1,2,2,2,2,1
1,1,1,1,1,1,1,1,1,1,1

#81
0,0,0,0,0,0,0,0,0,0,0,0,0,0,1,1,1,1,1
0,0,0,0,0,1,1,1,1,1,1,1,1,1,1,2,2,2,1
0,0,0,0,0,1,2,2,2,2,2,2,2,2,1,2,2,2,1
0,0,0,0,0,1,2,2,4,2,4,2,2,2,2,4,4,2,1
0,0,0,0,0,1,2,1,1,1,1,1,2,1,1,2,4,2,1
0,0,0,0,0,1,4,4,2,2,2,1,4,1,1,2,4,2,1
0,0,0,0,0,1,2,1,1,1,2,1,2,1,1,4,2,2,1
1,1,1,1,1,1,2,1,1,1,2,4,2,4,2,2,2,2,1
1,3,3,3,3,2,2,2,2,2,2,2,2,1,1,2,2,2,1
1,3,3,3,3,2,2,2,2,2,2,2,2,1,1,1,1,1,1
1,3,3,3,3,2,2,2,2,2,2,2,2,1
1,1,1,1,1,1,1,1,1,1,1,6,1,1
0,0,0,0,0,0,0,0,0,0,1,1,1

#82
0,0,0,0,1,1,1,1,1,1
0,1,1,1,1,2,2,2,2,1
0,1,2,2,2,2,1,1,2,1
0,1,2,4,2,2,2,2,2,1
1,1,1,2,1,1,1,1,2,1,1,1,1,1,1,1,1
1,2,2,4,2,2,2,4,2,1,1,2,2,3,3,3,1
1,2,2,2,4,4,2,4,4,2,2,2,2,3,3,3,1
1,2,2,2,2,4,2,2,4,1,1,2,2,3,3,3,1
1,1,6,1,1,2,1,1,2,1,1,2,2,3,3,3,1
0,1,1,1,2,2,4,2,2,1,1,1,1,1,1,1,1
0,1,2,2,2,4,4,2,2,1
0,1,2,2,2,2,1,2,2,1
0,1,1,1,1,1,1,1,1,1

#83
1,1,1,1,1,1,1,2,1,1,1,1,1,1,1,1,1
1,2,2,2,2,2,1,2,1,2,2,2,1,1,2,2,1
1,2,1,1,1,2,1,2,1,2,2,2,4,2,2,2,1
1,2,1,2,4,2,1,1,1,2,2,2,4,2,2,2,1
1,2,2,2,4,4,2,2,2,2,2,2,1,1,4,2,1
1,2,2,2,2,1,1,1,1,2,2,2,1,1,2,2,1
1,6,1,1,1,1,1,1,1,1,1,1,1,1,2,1,1
1,1,1,3,3,2,2,2,2,1,1,1,1,1,4,2,1
0,0,1,3,3,2,2,2,2,1,1,1,1,2,2,2,1
0,0,1,3,3,2,2,2,2,2,2,2,4,4,2,2,1
0,0,1,3,3,2,2,2,2,1,1,1,1,2,4,2,1
0,0,1,3,3,2,2,2,2,1,2,2,1,2,2,2,1
0,0,1,1,1,1,1,1,1,1,2,2,1,1,1,1,1

#84
1,1,1,1,1,1,1
1,2,2,2,2,2,1,1,1,1,1,1,1,1,1,1
1,2,2,2,2,2,1,2,2,2,2,1,2,2,1,1
1,2,4,2,2,2,1,2,2,2,4,2,4,2,2,1
1,2,2,4,2,2,1,2,2,4,2,1,1,2,2,1
1,2,4,4,2,2,1,1,4,2,4,2,2,2,2,1
1,1,2,1,2,2,1,1,2,1,1,1,1,1,1,1
1,1,2,1,2,2,1,1,2,2,2,2,3,3,3,1
1,2,2,1,4,2,2,2,2,2,2,2,3,3,3,1
1,2,2,2,4,4,2,2,2,2,2,2,3,3,3,1
1,2,2,2,2,2,1,1,6,1,2,2,3,3,3,1
1,1,1,1,1,1,1,1,1,1,1,1,1,1,1,1

#85
1,1,1,1,1,1,1,1,1,1,1,1
1,2,2,2,2,2,2,1,2,2,2,1,1
1,2,4,2,2,4,2,2,2,1,2,2,1,1,1,1,1,1
1,1,1,1,2,2,1,1,1,1,1,2,2,2,2,2,2,1
0,1,3,3,2,2,1,2,2,2,2,2,1,1,1,1,2,1
0,1,3,1,1,1,1,2,2,1,1,1,1,2,2,2,2,1
0,1,3,3,3,3,2,2,2,2,1,2,2,4,2,1,1,1,1
0,1,2,3,3,3,1,2,2,2,1,2,4,4,4,1,2,2,1,1
1,1,1,3,1,1,1,1,2,1,1,2,2,4,6,4,2,2,2,1
1,2,2,2,2,2,1,1,1,1,1,2,4,2,1,2,2,2,2,1
1,2,1,3,1,2,4,2,2,2,2,2,2,4,1,1,1,4,2,1
1,2,1,3,1,1,1,1,1,1,1,1,2,2,1,2,2,4,2,1
1,2,1,3,3,2,2,2,2,2,2,2,2,1,1,2,2,4,2,1
1,2,1,2,1,1,1,1,1,1,1,2,4,2,1,2,1,2,2,1
1,2,2,2,1,2,2,2,2,2,1,2,2,2,2,2,2,2,1,1
1,1,1,1,1,2,2,2,2,2,1,1,1,1,1,1,1,1,1,1

#86
1,1,1,1,1,1,1,1,1,1,1,1,1,1,1,1
1,2,2,2,2,2,2,2,1,6,2,1,2,2,2,1
1,2,1,2,1,2,1,2,1,2,4,2,2,4,4,1
1,2,1,3,3,3,1,2,1,4,4,4,2,2,2,1
1,2,2,3,3,3,1,2,1,2,4,2,2,4,4,1,1
1,2,1,1,3,1,1,2,1,2,1,1,2,2,2,2,1
1,2,1,3,3,3,2,2,2,2,2,4,2,2,2,2,1
1,2,1,1,2,1,1,1,2,2,1,1,1,1,1,1,1
1,2,2,2,2,1,2,1,1,1,1
1,1,1,1,1,1

#87
0,0,0,0,1,1,1,1,1
0,1,1,1,1,2,2,2,1,1,2,1,1,1,1,1
0,1,2,2,4,2,2,2,2,1,1,1,2,2,2,1
0,1,2,4,6,4,2,4,2,2,2,2,4,2,2,1
0,1,2,1,4,1,1,1,1,1,1,1,1,2,1,1
0,1,2,1,2,2,4,2,2,1,2,2,2,2,2,1
0,1,2,1,2,4,2,4,2,1,2,1,2,2,2,1
1,1,2,1,2,2,4,1,2,1,2,1,1,1,1,1
1,2,2,1,1,2,2,2,2,1,2,2,2,2,2,1
1,2,2,2,2,4,2,1,2,1,1,1,2,2,2,1
1,1,1,1,1,2,1,1,2,2,1,3,3,3,3,1
1,2,2,2,2,4,2,2,2,2,2,3,3,3,3,1
1,2,2,2,2,2,2,2,2,2,1,3,3,3,3,1
1,1,1,1,1,1,1,1,1,1,1,1,1,1,1,1

#88
1,1,1,1,1,1,1,1,1,1,1,1,1
1,3,3,3,3,3,3,3,3,1,1,1,1
1,3,3,3,1,1,1,1,2,1,2,2,1,1,1,1,1
1,3,3,3,1,2,2,1,1,1,2,2,2,2,4,2,1
1,3,3,3,4,4,2,2,2,2,2,4,2,4,2,2,1
1,2,2,3,1,2,2,4,2,4,1,2,4,2,2,1,1
1,3,3,3,1,2,1,4,1,2,2,2,4,2,2,1
1,3,1,2,1,2,4,2,2,2,4,2,2,2,2,1
1,3,2,2,1,4,1,1,1,4,1,1,1,1,4,1
1,1,2,2,1,2,2,2,4,2,4,2,2,2,2,1
0,1,2,2,1,2,2,4,6,4,2,2,1,2,2,1
0,1,2,2,1,2,1,1,1,1,2,4,2,2,4,1
0,1,2,2,1,2,2,2,2,1,1,1,2,2,2,1
0,1,2,2,1,2,4,4,2,1,2,1,1,1,1,1
0,1,2,2,1,2,2,2,2,1
0,1,1,1,1,1,1,1,1,1

#89
0,1,1,1,1,1,1,1,1,1,1,1,1,1,1,1,1,1,1
0,1,2,2,2,4,2,2,2,2,2,2,2,3,3,3,1,3,1,1
0,1,2,2,2,2,2,2,2,1,1,1,1,3,3,3,3,3,2,1
0,1,2,1,1,1,1,1,1,1,2,2,1,3,3,3,3,3,2,1
0,1,2,1,2,2,2,2,4,2,4,2,1,1,3,3,3,3,1,1
0,1,2,1,2,2,4,2,1,2,1,2,1,1,1,3,3,3,1
0,1,2,1,2,4,6,4,2,4,2,2,1,1,1,1,1,2,1
1,1,2,1,2,2,4,2,2,4,2,4,4,2,2,2,4,2,1
1,2,2,1,4,1,2,4,1,2,2,2,1,2,4,1,1,2,1
1,2,1,1,2,2,2,2,1,1,2,1,1,2,4,2,1,2,1
1,2,1,2,4,1,2,4,2,4,2,2,1,2,2,2,2,2,1
1,2,1,2,2,2,2,2,2,2,2,2,1,1,1,1,1,1,1
1,2,1,1,1,1,1,1,1,1,4,1,1,2,2,2,1
1,2,2,2,2,2,2,2,2,1,2,2,4,2,2,2,1
1,1,1,1,1,1,1,1,2,2,2,2,1,1,1,1,1
0,0,0,0,0,0,0,1,1,1,2,2,1
0,0,0,0,0,0,0,0,0,1,1,1,1

#90
1,1,1,1,1,1,1,1,1,1,1,1,1,1,1,1,1,1,1,1
1,3,3,1,2,2,2,2,1,2,2,2,2,2,2,2,2,2,2,1
1,3,4,2,2,4,2,2,1,4,4,2,2,4,1,1,2,4,1,1
1,3,4,1,2,2,1,1,1,2,2,1,1,2,1,1,2,2,2,1
1,2,2,1,2,4,2,1,2,2,4,4,2,2,2,4,2,2,2,1
1,2,1,1,1,2,2,1,2,1,2,2,1,4,2,2,1,1,1,1
1,2,2,1,1,2,1,2,4,2,2,2,1,6,2,1,2,2,2,1
1,2,4,2,2,2,2,4,2,2,1,1,3,1,1,2,2,4,2,1
1,2,2,1,2,4,1,2,4,1,2,4,2,2,2,2,2,1,1,1
1,2,2,1,2,2,1,2,2,1,2,2,2,1,1,1,2,2,2,1
1,2,2,1,1,1,1,1,1,1,1,2,1,2,2,2,2,2,2,1
1,2,2,2,2,2,2,2,2,2,2,2,1,2,2,1,3,1,3,1
1,1,4,1,1,1,1,1,1,1,1,4,1,2,2,2,3,3,3,1
1,2,2,2,2,3,5,2,2,1,2,2,2,2,1,1,3,1,3,1
1,2,3,5,3,3,3,5,2,2,2,4,2,2,3,3,3,3,3,1
1,1,1,1,1,1,1,1,1,1,1,1,1,1,1,1,1,1,1,1
#
